ID,RA,DEC
163335,305.382199,36.9202158
163328,156.91246,9.7623961
163333,156.969709,-58.7394031
163324,269.794713,-49.4334592
163326,162.599619,-48.6734314
163329,108.140106,-46.759305
163331,170.972216,37.2348306
163325,317.382425,68.4908906
163336,293.683038,43.9458556
163330,182.810781,47.8288347
163338,144.10586,-48.7511794
163342,287.796892,15.787675
163327,10.868333,64.7597222
163337,78.378238,-69.5399097
163341,48.413062,-10.4423447
163343,59.265865,23.17555
163344,207.891593,-58.5395211
163346,144.17063,69.6366069
163350,232.394045,78.6334119
163348,0.18181,45.2533336
163345,244.715969,-57.89979
163351,299.79499,29.4507422
163349,79.323711,53.5861228
163353,131.627279,-45.9125044
163354,144.221482,44.0667789
163357,39.820998,-43.8016339
163359,232.436214,-58.5809033
163355,320.47802,37.4592008
163366,119.766439,-4.3324167
163363,129.932317,-9.5869489
163365,348.801661,60.4505056
163364,244.857719,29.7132306
163362,125.678535,33.5192953
163361,189.097775,59.4869394
163369,206.795265,-62.5897144
163367,97.142037,30.4930336
163371,244.935153,46.3133664
163373,2.192469,-86.1884892
163370,317.72657,49.14206
163375,64.815965,29.1074606
163378,131.828522,-46.155415
163376,53.162408,44.8557594
163379,342.59506,-80.1238456
163382,245.022883,-20.0563992
163385,157.361554,39.7690258
163380,324.010399,45.3745914
163384,0.510907,-2.7661708
163386,300.079671,33.2642031
163387,317.874597,-45.0745506
163389,288.143562,16.84642
163388,232.663461,35.7845281
163390,114.170974,-19.7023381
163392,151.034917,11.6285122
163394,202.092195,-51.2922792
163395,220.482315,-47.3882
163396,138.29903,-50.1070919
163399,337.208708,58.2109472
163398,214.332927,66.7942219
163408,355.567926,24.9161964
163401,111.866622,72.7034769
163402,276.381792,-63.0215342
163400,13.724367,58.5636533
163407,122.429809,-47.9371931
163409,53.39598,39.8994786
163404,330.415972,-54.1572228
163413,176.998989,-40.2915217
163412,73.406322,-19.4336331
163419,245.29715,-25.5927964
163416,330.51905,58.0003667
163417,138.450863,43.2178244
163410,270.388345,11.2857572
163414,114.32054,-23.7753989
163420,151.257686,-56.8979189
163427,324.367195,51.7624808
163422,305.977676,0.9457761
163425,79.826296,-18.5095592
163428,18.754561,65.5994019
163429,114.429997,-7.7272122
163424,79.822655,-18.5199194
163426,239.139059,-14.8294383
163437,79.9325,5.6608333
163434,239.176299,-37.820965
163438,220.768641,-62.2073106
163432,239.174541,-42.3231358
163436,116.614227,62.8305225
163433,73.562902,2.4406719
163435,103.255875,38.8691572
163439,164.282697,-50.7650178
163441,164.288401,-65.1347528
163443,330.724991,-21.5255992
163445,66.761647,25.7062017
163450,189.820253,35.9519589
163444,118.92012,35.4126842
163451,189.829851,-71.6217914
163448,160.221056,-57.9355953
163447,7.49413,60.2119619
163452,270.71291,-24.2824678
163446,177.299103,-41.7575767
163454,355.95609,-15.2845006
163457,294.514096,-60.6109989
163453,123.521442,-44.5757947
163459,312.253509,31.8488222
163456,312.234545,46.1141344
163462,164.450782,-59.7321903
163458,252.069303,57.8137106
163461,7.615939,-40.9395858
163470,337.253786,40.3155111
163465,343.254321,15.7879425
163467,47.474081,-83.5315561
163469,337.243006,50.9631361
163472,53.957557,-43.7163864
163466,288.686297,6.0485494
163475,352.92929,28.4034889
163480,252.313774,-14.3690631
163474,126.549812,-30.2856464
163479,27.726813,-50.2061375
163478,337.292776,58.4151986
163481,97.964027,-23.4184217
163473,294.740581,28.5129475
163477,103.55435,-23.9283364
163482,43.048589,56.9353081
163485,303.560538,28.6948172
163488,27.779282,59.8882072
163483,138.978281,-49.9734931
163486,264.906626,-32.3201408
163484,80.257126,-65.8006767
163492,252.383255,26.0348692
163487,356.26096,63.0038514
163491,109.207602,-67.9571519
163489,96.009747,47.7066319
163501,337.433485,35.7256311
163494,349.760053,45.1367506
163498,221.295664,-55.6016403
163497,174.485863,67.3297389
163495,300.815182,58.9545875
163496,221.274764,41.0289239
163503,300.882272,-78.8307514
163504,324.92,-51.5727778
163512,41.030625,-13.8586964
163506,7.957298,4.8461617
163505,164.835741,-58.1244447
163513,67.428566,10.5218597
163507,177.804115,-61.8461531
163508,233.610473,-9.1834161
163511,14.651504,-29.3574492
163510,158.355786,-58.1901492
163520,139.272528,-59.2752292
163515,271.987332,-19.3991306
163522,271.255105,-29.5800875
163521,271.253328,41.94629
163523,177.958796,-5.7622728
163519,67.490065,-28.879635
163518,190.393301,10.42627
163514,130.156541,-46.6487444
163524,306.759448,49.3833667
163525,255.588334,40.0730092
163530,318.668477,41.7163492
163532,271.357235,-23.0056469
163529,60.935852,5.4356244
163527,330.104778,43.4453686
163528,126.902438,-53.0884797
163538,14.893653,45.4067222
163541,312.867658,28.2505053
163537,190.520944,-69.4075536
163540,301.110678,34.1122711
163542,115.219154,-31.6611656
163544,301.150728,32.2185978
163536,178.073847,-65.4041836
163539,331.470722,33.5068861
163543,184.444292,69.5106169
163546,109.621382,-13.2170853
163545,221.607336,-37.2222475
163548,215.452285,-61.5496236
163550,350.188081,77.0626367
163552,215.464663,3.9094236
163551,86.479112,63.2962661
163553,269.0887,-21.9560778
163554,115.305512,-32.6439464
163556,67.722234,-41.1742656
163560,54.582223,56.9327131
163565,8.409517,-15.4874539
163566,265.495943,-33.5038083
163564,197.029798,-65.3060228
163558,203.325353,53.9873867
163563,165.255345,-54.4115483
163569,61.243585,58.6597794
163577,115.478711,-21.1330728
163575,344.098459,41.6038758
163570,127.179189,-34.7316144
163576,135.946278,38.7421269
163568,139.676485,-51.5606514
163571,127.182059,-60.1225756
163573,139.723685,62.8428389
163574,171.959912,45.1852133
163587,76.277757,-68.0864328
163581,172.452047,30.0673314
163584,86.734624,-31.6912119
163585,165.466276,-34.7047281
163583,289.58612,66.4133261
163586,41.641505,-6.7018928
163580,240.294646,-63.7765378
163582,215.720517,53.8103658
163579,115.49585,-25.876175
163591,283.726514,1.1215867
163593,2.46414,61.51404
163595,307.242319,34.1351033
163594,74.92308,40.8360414
163596,190.986149,61.0931969
163597,259.596095,-34.4085072
163598,246.736426,-43.7992075
163602,5.442807,-20.0580236
163603,350.618485,62.7571472
163605,35.242535,50.1514656
163600,265.76444,37.5696697
163604,74.982238,-12.5374156
163608,295.650998,28.3481625
163615,61.651719,27.5999033
163616,110.078451,-8.5497928
163613,301.615331,70.6597831
163610,81.168244,-2.4978475
163614,325.767587,-48.1894942
163617,278.028702,3.6596031
163618,28.784557,43.7656864
163623,332.177684,-33.1256908
163619,259.752167,-38.8142372
163621,104.503895,-0.3759636
163620,146.311714,-62.5079031
163622,172.313066,-63.5539375
163625,222.208383,-71.3283008
163627,110.148145,-46.7083619
163626,5.809465,55.7925572
163624,178.755525,-59.25376
163630,284.015832,17.9953394
163635,146.411698,-45.9111242
163632,87.042744,-20.0236106
163633,295.907365,48.7781514
163637,313.59331,28.5219961
163636,259.874589,-45.639965
163629,253.54419,-1.6123044
163634,357.477726,-42.3007186
163638,272.118619,-21.2531086
163643,165.927581,-51.3526567
163642,159.362783,-58.7333394
163639,28.95104,-55.0721736
163644,178.908485,47.2573961
163645,272.187147,-22.1606811
163647,35.58931,55.8456536
163646,319.842418,38.2374733
163649,75.346616,39.9603936
163641,332.262081,51.0458547
163658,104.766836,-58.5148131
163652,87.23157,-46.3156114
163653,19.364227,38.9505628
163655,159.511021,-57.2563092
163654,313.73972,47.5338053
163656,121.886037,-24.3043242
163659,110.386908,-16.6872211
163657,204.153714,-64.5583194
163666,133.916018,-9.1414878
163664,172.67825,56.7463814
163663,278.351504,58.7064894
163669,253.81663,13.61991
163667,81.645363,-68.86871
163661,284.23762,-67.2334947
163662,253.755529,29.0388686
163660,35.71548,58.5865064
163668,332.532355,40.9196058
163665,29.158727,59.2593669
163671,42.378068,57.0843178
163677,278.489228,31.6400503
163673,357.838909,-18.9091633
163674,296.20306,29.2646919
163670,179.125938,57.8715708
163676,75.530807,-71.3369764
163679,307.876721,74.9546194
163678,228.740493,-59.8417522
163683,153.345186,-51.2329708
163688,204.400227,-56.4764014
163681,93.504863,-61.4732003
163686,116.242594,-31.9082114
163687,345.042184,60.9273372
163685,171.45856,3.8601097
163680,247.426365,-46.2432286
163689,166.239858,-59.8588981
163691,307.947648,-73.0716892
163693,122.11764,-16.5332269
163697,302.206987,12.2283681
163696,140.7119,-9.8387983
163695,216.534266,-45.2214242
163702,183.195911,-70.1517872
163698,302.210081,48.9109508
163699,290.404635,-19.2344458
163700,349.96042,26.2787942
163707,354.316913,62.4289944
163701,172.953332,-59.5156478
163706,62.324315,-16.3858747
163705,69.079757,-3.3524592
163708,302.282336,37.1519669
163710,260.426487,22.9211197
163712,198.207942,-61.5451197
163713,191.930263,-59.6887636
163715,75.873265,-70.6998411
163714,65.280752,81.4284425
163717,222.936018,60.0691811
163723,122.370219,55.2558394
163719,284.71928,69.5312919
163725,166.571675,-65.5097894
163720,326.657952,-67.5963411
163724,314.336792,40.1775069
163727,140.997226,-51.7370806
163721,278.902057,4.9359886
163733,260.663404,-37.8046369
163737,192.100375,-33.6580786
163730,16.450937,61.7549417
163731,99.659115,1.6135183
163729,308.226224,46.6012722
163735,284.811713,31.6815142
163732,23.180109,63.5938028
163738,173.273236,-54.3245936
163740,302.52815,-25.2840161
163741,326.77,17.1941667
163744,82.163496,42.4377322
163743,56.079717,32.2882481
163742,185.907046,-61.6291256
163745,260.69366,-45.6142742
163746,76.108987,-35.7051092
163749,204.802382,47.8961956
163754,198.518271,-2.8069858
163752,351.08633,86.4177881
163751,185.945884,42.5427436
163756,223.146904,-63.8098275
163757,43.059104,-8.2670681
163750,229.311285,36.3592842
163760,123.925417,66.1755556
163763,248.10639,-83.9029192
163766,160.409687,-58.7718708
163764,155.724336,-59.6245503
163762,82.284963,11.8701944
163758,185.338039,-62.2816336
163771,147.524486,49.0754856
163774,345.682903,55.2363831
163776,205.077677,-57.6131803
163777,83.593624,-67.0232172
163770,234.320602,-32.0573225
163778,167.013826,-77.6548572
163782,7.333897,79.8783406
163780,352.105118,-25.4205428
163785,160.595955,-61.1659131
163787,352.131059,-47.4536233
163784,186.237219,42.8547375
163781,16.825908,-72.4676828
163786,331.46341,48.2314942
163783,64.321649,47.4001756
163790,128.867493,-7.9822917
163795,100.064032,-47.2963203
163789,275.345778,-18.8599994
163793,76.481293,-67.8863692
163788,36.831355,32.7396875
163796,105.728236,-4.2392314
163798,167.14166,-61.9471747
163801,154.259493,-57.9130169
163804,105.812908,-59.1781089
163808,76.631851,55.3535317
163800,147.747324,59.0387356
163807,82.699076,-71.067305
163802,261.145075,-26.9247214
163811,313.890285,-56.7419775
163817,341.603219,59.4422028
163812,339.804892,64.8584992
163818,273.394022,-65.2370433
163816,315.026591,42.5975592
163810,88.457138,-68.3131447
163809,339.785005,-52.6919714
163815,217.438612,38.8612911
163813,160.830477,-63.0088489
163820,140.567363,-55.9603194
163821,76.69022,-4.6551631
163826,248.628717,-63.1335633
163828,291.366304,42.78436
163824,352.303189,63.3743042
163834,273.579448,76.6856697
163832,88.636084,-35.0851203
163835,333.759125,57.0435867
163833,281.39841,21.9846822
163829,229.940476,-66.4960347
163831,117.303598,-46.8577175
163837,248.75298,60.4681219
163839,106.027216,20.5702969
163843,350.159344,23.7403369
163842,211.616582,37.8281878
163846,94.757676,17.3252589
163840,123.267567,-34.5785269
163844,117.918157,-42.8882022
163847,192.991231,-26.7382747
163845,161.160295,68.7757492
163848,303.34859,38.7290197
163852,119.102403,31.6955756
163855,291.600563,13.0238017
163858,83.05313,18.5942342
163851,273.732826,36.6703425
163856,223.932505,76.3065689
163857,303.401357,53.6593197
163860,357.889344,47.4877628
163861,297.641342,32.9140583
163869,255.417138,75.2974975
163863,340.217279,56.8294664
163862,273.80378,-20.7282697
163867,297.681178,-71.7714572
163868,100.618373,-42.3713219
163865,359.395671,62.7182447
163871,327.92267,43.1340372
163864,10.950053,42.282155
163873,217.92838,60.2256356
163875,325.637324,10.8243139
163879,297.755147,-65.6050872
163880,135.78245,44.5855906
163872,24.30842,57.7592161
163881,309.397134,-61.5299183
163876,205.818153,-67.4013856
163877,230.349815,31.3673847
163884,216.482828,0.9927125
163882,148.458743,-51.1467133
163890,5.929544,29.4010061
163888,340.369379,40.2254489
163883,161.426521,-41.4974161
163887,359.574914,61.22106
163886,303.095117,32.8716217
163885,340.360532,56.4327864
163891,321.715089,48.8351683
163889,285.927018,21.26835
163898,285.995931,-4.3171994
163899,168.042191,-61.7548728
163901,181.327995,-62.0528175
163897,303.632363,36.6610003
163895,64.006607,-51.4866481
163892,199.363857,-10.5462878
163893,123.093346,-36.9437586
163900,199.716428,33.4386925
163903,268.165339,29.72118
163902,286.008794,33.0376756
163906,255.724276,-38.4602269
163904,218.137851,-56.8877153
163909,291.983593,24.3473508
163908,83.406324,-62.4898253
163912,280.252766,-6.0972258
163917,35.965602,55.3648611
163918,181.063326,18.7824356
163920,346.791999,58.5541939
163913,155.17097,-55.3213953
163919,199.865687,45.5271278
163923,328.265702,25.9251397
163922,268.26699,77.3839667
163926,155.263918,68.7476511
163925,37.972405,57.6976444
163927,24.731785,58.1563
163928,101.048952,36.9940008
163929,272.275878,31.0211694
163931,155.523685,-49.5312161
163933,206.262567,32.6546414
163932,359.880494,-2.8437908
163930,193.591657,-58.4306133
163934,77.59495,-68.7732806
163935,218.388393,31.7546189
163938,328.397397,-82.7788258
163936,359.896005,-1.8499186
163939,18.171538,61.2133494
163942,286.264105,57.1256589
163941,199.56046,49.6820625
163943,155.345736,-61.0740928
163944,118.123921,-54.3671647
163949,303.993029,35.0147247
163952,253.020212,14.974215
163947,118.152143,-17.3835425
163951,292.254118,1.9504475
163946,130.073273,-52.9218872
163953,212.395966,-51.5046719
163950,193.735505,47.1967219
163958,334.690021,56.1260853
163954,258.266676,35.9786228
163955,224.633029,-43.13396
163957,316.06932,39.9722547
163962,18.377093,-73.3362044
163960,309.968556,-36.0335536
163959,292.339003,-7.0440864
163961,3.790885,58.4242908
163964,304.113342,27.7760719
163967,64.533795,42.1411592
163973,167.42143,-58.8377242
163969,64.560908,50.2955022
163966,130.199135,-45.0583981
163972,231.029167,36.8668294
163968,193.868953,65.4384736
163971,77.845297,-11.8490889
163974,231.04712,-62.6771019
163975,95.674939,-17.9559178
163978,341.031273,55.5892258
163982,353.656405,40.2364411
163977,181.45783,-69.5730531
163980,17.266463,-72.5382358
163984,334.878161,51.4707753
163988,304.250114,37.4232703
163992,322.164988,70.5607161
163986,325.87692,58.7800461
163990,237.223029,36.2479408
163993,314.117933,30.4278639
163996,231.135298,-80.4406247
163999,161.21127,-35.3440203
163997,292.55356,46.1478003
164003,194.107964,65.9943911
164000,112.697784,-9.7768897
164005,51.489087,49.1207567
164004,130.487119,-45.4107139
164008,78.093577,73.9466742
164012,155.860327,-4.0740347
164007,237.380466,39.5716367
164010,84.025972,-7.3964778
164009,286.784691,-18.7381708
164023,122.383126,-47.3365878
164020,280.9313,-7.7310958
164021,107.314212,-13.786095
164017,130.567472,-48.0990906
164022,341.37592,-88.8182942
164016,143.060839,-62.7888739
164018,82.910093,-67.4698806
164014,31.952002,58.4435342
164019,64.90294,21.7734911
164015,304.446674,38.0329303
164025,225.161327,47.2774414
164027,318.824377,0.0763467
164024,64.945247,48.9532717
164026,298.808198,-59.1956506
164028,112.737448,-57.9911775
164030,136.927154,-44.63244
164029,71.894356,-79.8072372
164031,101.75618,-21.0154017
164033,355.877478,61.9300406
164039,225.259322,-64.5760525
164040,213.065851,2.4094328
164035,248.167608,66.7549842
164041,304.638643,37.4497378
164034,101.779377,30.2761936
164037,268.629999,30.4104761
164042,194.401076,-49.7805808
164045,207.066422,39.9008381
164046,213.139436,-9.9000764
164050,209.39192,29.8579692
164049,328.721476,56.6112272
164044,290.712016,26.2624031
164059,45.564368,-71.9024567
164054,58.427928,-24.61223
164057,12.471927,60.1273889
164058,137.06562,-51.4362783
164061,72.138771,-11.7522464
164053,324.480102,62.0819397
164052,299.005267,16.6347992
164056,175.70091,-58.9933961
164060,275.189293,71.3378144
164070,250.074675,-23.8958833
164069,182.146133,-0.4567583
164066,182.108653,48.9684947
164068,213.2647,-65.4479661
164062,323.803466,78.6244975
164065,219.298245,26.7365731
164064,200.888862,-16.6660806
164067,219.299861,-62.0108981
164074,58.59071,58.6533261
164076,266.780726,-59.9943356
164077,124.88233,35.0456706
164073,347.91966,59.6997172
164079,17.438817,38.1245358
164078,162.899035,-59.3850078
164081,72.239469,-47.1345144
164080,58.8172,-12.0991047
164083,293.08659,-23.8535408
164084,275.331454,-16.3739047
164087,293.122106,56.3881944
164085,12.67161,-50.9868156
164089,231.812225,50.6195606
164088,269.411039,-40.5575597
164090,304.902482,47.8941892
164091,6.065239,52.0199139
164092,65.388195,46.4988778
164096,207.376155,-41.6877092
164097,2.294521,59.1497797
164094,310.850803,35.5878014
164102,287.316621,10.5524878
164098,329.466354,61.0188622
164103,78.774447,-46.9180097
164105,287.941704,31.2834558
164104,304.98351,46.8373194
164100,329.469554,56.1639067
164107,71.539779,-49.2458497
164111,90.499952,16.5157583
164113,335.779235,55.96323
164116,244.25389,-50.0681219
164118,287.427541,64.8589303
164121,317.19519,-88.9564989
164126,275.658329,32.9590481
164128,256.522908,-26.5805639
164122,305.116566,43.8545206
164120,293.3741,36.0220089
164119,354.637034,-9.3187428
164127,156.711986,-59.6695442
164133,190.962487,-63.0874414
164137,269.717943,45.4762206
164129,354.701652,59.3918286
164138,81.004888,24.9604383
164132,182.613281,-7.7739756
164136,163.260357,-49.9063167
164141,21.077813,43.1420967
164144,342.158319,56.3215403
164145,65.497644,19.5351192
164142,105.325039,55.3304906
164143,79.001991,-9.8098392
164149,173.214886,-12.0351208
164148,161.739468,-56.7571922
164151,155.28796,-34.7885397
164155,26.427217,8.5592381
164153,201.556082,56.2569625
164152,64.275262,41.7318417
164159,173.265613,12.1538578
164154,339.224809,56.9058294
164158,318.955497,-43.1944436
164160,76.534831,33.9186867
164161,137.78124,-43.2698492
164164,77.667608,49.6876097
164168,76.124962,-3.7873
164171,173.356003,-70.1947886
164166,3.30897,15.1835958
164170,106.844115,-23.840722
164162,101.118612,-31.070523
164172,134.71814,-47.2346878
164175,115.295869,76.0739217
164180,272.94834,-16.893932
164178,182.089582,-50.7224256
164176,319.09461,-30.2841861
164174,135.092731,-43.173991
164179,94.032045,-16.6180064
164184,240.134299,46.9238144
164187,146.392846,34.5118819
164186,160.322982,-59.676916
164190,29.896346,54.82222
164193,204.97191,-53.4663939
164192,54.122412,48.1926336
164194,39.870653,0.3285106
164196,41.180465,61.4647103
164195,187.615422,40.5088658
164198,358.595968,57.4993822
164199,221.774121,39.3171094
164200,111.167448,-16.2014728
164203,36.690197,10.5653011
164204,214.152417,42.3599172
164215,176.7825,61.4019444
164207,3.61768,56.2529317
164212,112.641976,-34.0905978
164213,180.021186,-78.1929344
164216,255.447448,-58.9582447
164211,178.459489,0.5521144
164219,338.147839,20.2300189
164217,109.867425,-16.3952442
164221,175.319413,-33.7092222
164220,344.26876,48.6840681
164226,218.876766,-42.1578244
164223,335.579346,-60.8706967
164222,319.479485,34.8968978
164227,246.755979,-18.4562511
164224,20.299392,85.1321292
164230,283.833755,43.9460886
164229,273.302905,-41.336111
164231,81.119236,-2.397146
164237,240.515799,17.4806714
164232,310.326126,48.1413431
164238,304.47352,59.792675
164233,112.7686,82.4114658
164235,310.339778,52.5875419
164234,3.809719,60.3404686
164239,171.623506,-17.9143533
164241,78.163458,42.8317814
164244,188.370601,69.7882378
164243,355.628468,43.01435
164246,324.27013,-19.466012
164242,108.702725,-26.7726675
164250,232.878423,-73.3895908
164252,300.283263,-30.5107992
164251,71.875089,-55.6849158
164255,187.551681,31.5033489
164253,336.824239,56.2532714
164258,51.926634,44.1767997
164259,181.772917,-78.7411111
164260,93.05576,50.2278953
164261,133.746534,-47.5924069
164264,2.40221,51.5669092
164270,185.140173,-22.2159011
164268,299.500593,-65.7360978
164267,267.618303,-53.6124061
164265,152.943584,-58.0605436
164266,129.255429,-44.1146767
164263,41.98301,-12.4606492
164272,262.960389,-49.8761447
164271,292.880863,34.70496
164273,285.551172,-46.6533567
164276,130.800892,-79.0700817
164278,130.806147,3.398662
164275,287.057292,1.2986528
164274,182.02177,-50.6612783
164280,349.356625,60.8453611
164281,290.036457,41.6830811
164282,220.85568,26.5278503
164289,39.01074,6.4324186
164288,199.385586,40.5726075
164286,177.421101,-63.7884783
164287,282.749468,-20.29523
164291,260.81698,-47.468197
164300,276.918945,49.3092589
164299,292.63801,3.4444033
164293,123.400644,-46.9916281
164295,182.227453,-41.2316047
164301,302.356746,36.8396217
164309,239.54737,-14.279359
164305,119.050339,-44.1425706
164306,304.885091,38.7316558
164310,230.343007,-40.6475178
164307,158.006098,-61.6853325
164308,315.505548,-71.8333831
164314,264.866193,46.0063319
164313,174.959753,-47.9642478
164316,207.404121,-42.4737317
164311,21.01058,-8.0074158
164319,133.160855,-48.3590972
164320,97.992962,-58.753835
164318,345.021253,56.9453739
164321,145.320864,-23.5915142
164323,24.428528,-57.2367575
164322,102.235055,-37.2759256
164325,71.02217,-8.503571
164329,331.153196,-26.822359
164328,171.273975,-60.7346222
164330,71.425806,75.1009625
164332,78.841584,40.0780281
164331,241.230065,-51.9535125
164333,107.895907,40.7769819
164342,39.381307,71.3045153
164335,67.278856,-13.0483694
164339,283.054312,-62.1875936
164343,230.414725,14.3147461
164334,155.228317,-56.0432203
164341,39.259757,34.2642681
164344,83.381791,18.5402308
164347,93.719405,22.5067989
164346,110.752905,-31.9237811
164352,287.878653,16.8605997
164350,84.796443,4.121467
164348,77.286596,-8.754081
164354,193.507289,55.9598211
164355,239.868284,-40.3642344
164364,9.2135,-73.2451111
164357,345.275781,-87.0530469
164358,102.460246,-32.5084778
164366,9.3338333,-73.6591944
164361,9.0809583,-73.4313889
164360,325.0778,68.3894108
164362,9.2460833,-73.5811389
164363,9.26325,-73.5379444
164365,9.1609167,-73.6761667
164376,10.1137083,-72.9975
164369,9.630125,-73.8223333
164372,9.8904167,-73.0241667
164371,9.754375,-73.1308611
164370,9.6585417,-73.24825
164367,9.3913333,-73.1021389
164373,9.896,-73.2168333
164368,9.5127917,-73.4747778
164374,10.017875,-73.0123056
164375,10.1615,-73.0065278
164377,10.1456667,-73.5010833
164381,10.3701667,-73.3834722
164385,10.6175417,-73.7588889
164379,10.2730417,-73.6971111
164382,10.5157083,-73.4291111
164383,10.555375,-73.2194167
164380,10.35875,-73.2791389
164378,10.2133333,-73.2382778
164386,10.5956667,-73.5399444
164384,10.5602917,-73.2790556
164388,10.7129583,-72.8012222
164391,10.7840417,-73.0613611
164389,10.7227917,-73.4640556
164390,10.7333333,-73.3069722
164395,11.1215833,-73.5618889
164396,11.456125,-73.3958333
164387,10.6285417,-72.7808333
164392,10.8990833,-73.3495833
164393,10.9525,-73.4096944
164394,10.9919583,-73.0326944
164398,11.5535833,-72.7823333
164397,11.514125,-73.5191111
164399,11.5525833,-73.1038889
164401,11.7020417,-73.4108889
164400,11.5652917,-73.3278889
164404,11.7937083,-72.9788889
164403,11.7837917,-73.3985556
164406,11.8373333,-73.5239722
164402,11.69475,-72.9770556
164405,11.8129167,-73.3386667
164407,11.9078333,-73.3784444
164408,11.9104583,-72.7125833
164410,12.01425,-73.0018889
164409,11.9403333,-73.2545
164414,12.0449583,-73.4640556
164411,12.0226667,-73.1651389
164412,12.0002917,-73.5306944
164413,11.9952917,-73.50025
164416,12.0927083,-72.9195278
164415,12.0898333,-73.1214722
164417,12.13375,-73.3005833
164418,12.0745833,-72.6558889
164420,12.20425,-73.32925
164424,12.475875,-72.6816667
164419,12.196375,-73.09325
164421,12.2465417,-72.7336667
164423,12.388875,-73.1091389
164422,12.364,-72.9935
164426,12.5097083,-73.3858611
164425,12.456,-73.2841944
164431,12.6916667,-72.6827778
164433,12.6836667,-72.8851944
164432,12.732625,-73.00375
164429,12.6832083,-72.7451111
164434,12.75375,-72.85025
164428,12.599125,-72.6799167
164427,12.5736667,-73.1529444
164435,12.807375,-73.2343611
164430,12.7060833,-73.0083611
164436,12.820625,-72.8448611
164439,12.83725,-72.9678056
164445,13.1414167,-72.7165278
164444,13.0430833,-73.2221667
164440,12.9667917,-73.0635
164437,12.8267083,-73.0839444
164441,12.9915833,-72.6775
164442,12.9829583,-73.4079167
164443,13.0447917,-72.9245833
164438,12.8397917,-73.5968333
164446,13.15475,-72.7808889
164447,13.2309167,-72.9884444
164450,13.3165,-72.5255278
164449,13.3079167,-72.8785
164453,13.435875,-73.2148889
164456,13.5059167,-72.7913056
164452,13.414,-73.1557778
164455,13.426,-73.4205833
164454,13.444,-72.6103056
164451,13.3447083,-72.58925
164448,13.3229167,-72.9560833
164461,13.7080417,-73.2501667
164462,13.7410833,-72.4524444
164457,13.5205833,-73.0975278
164466,13.797375,-72.6386111
164458,13.5357917,-72.9427222
164463,13.7236667,-72.6974167
164464,13.746625,-72.7875556
164459,13.627125,-72.7113611
164460,13.7069167,-72.7165278
164465,13.7625417,-73.2330556
164467,13.9031667,-73.0093889
164476,14.4900833,-72.6356389
164469,13.95925,-72.5218611
164471,14.0768333,-73.0629722
164474,14.3325,-72.5866389
164473,14.3514167,-72.6753611
164468,13.9774167,-72.5418611
164475,14.446625,-72.3009722
164470,14.0484167,-72.58125
164472,14.11975,-72.7133056
164479,14.74725,-73.0834167
164481,14.70875,-72.5281389
164477,14.5271667,-72.61975
164483,14.8058333,-72.6470556
164480,14.7067917,-73.0145278
164478,14.5896667,-72.9806944
164482,14.7767917,-72.3625833
164486,15.0265417,-72.5013333
164484,14.799625,-72.92175
164485,14.9534583,-73.0187778
164493,15.53325,-72.6636111
164492,15.2469583,-72.6218333
164496,15.5824167,-72.8638611
164489,15.1613333,-72.7487778
164490,15.2105417,-72.0786389
164488,15.067625,-72.7908056
164494,15.550125,-72.686
164487,14.9922917,-72.7040833
164495,15.6407083,-72.7913333
164491,15.2589583,-72.2651111
164500,16.4595,-72.4930278
164502,16.5720833,-72.3671389
164499,16.2854583,-72.6678611
164503,16.572125,-72.3671111
164497,15.7545417,-72.4863611
164504,16.5737917,-72.4118611
164498,15.892375,-72.3613889
164501,16.49425,-72.5219444
164505,16.5737917,-72.4119167
164506,16.6448333,-72.6845556
164508,16.838625,-72.32775
164507,16.6367083,-72.3430556
164514,75.1194583,-68.7681944
164512,75.073125,-68.8769722
164510,16.9055417,-72.7640556
164509,16.86875,-72.7576667
164516,75.1830417,-68.6587222
164517,75.2385,-69.1437778
164518,75.2777917,-68.8904722
164515,75.1689167,-69.1344722
164511,17.2604167,-72.8385833
164513,75.1039167,-69.4299167
164519,75.311,-68.6548889
164520,75.3295,-69.0881944
164522,75.455,-69.3293056
164521,75.4264167,-69.3438056
164523,75.4635417,-69.2055833
164525,75.5310417,-69.1385833
164524,75.5150833,-68.9995278
164526,75.6062917,-68.8227222
164527,75.72525,-69.3110556
164529,75.729625,-68.8841389
164533,75.8707083,-68.9223889
164535,75.9069583,-69.1696667
164536,76.0488333,-69.2031944
164531,75.82325,-69.4968889
164530,75.7741667,-69.1175833
164532,75.8455417,-69.3500833
164528,75.6530833,-69.4793611
164534,75.9047917,-69.1419722
164544,76.3356667,-68.6546944
164539,76.0707917,-69.0619444
164541,76.1401667,-69.4327778
164543,76.2568333,-68.9226667
164545,76.351125,-68.7101389
164538,76.0597083,-68.7509444
164546,76.3843333,-69.1299167
164537,76.0537917,-68.9539167
164540,76.1285417,-69.3543611
164542,76.1895833,-69.0297778
164547,76.454,-69.4675833
164548,76.4289167,-70.0891389
164550,76.5625833,-69.1508056
164549,76.4250417,-69.2905278
164551,76.4965417,-68.6635278
164559,76.6434583,-68.4289444
164553,76.5409167,-69.1860833
164554,76.5928333,-68.6320278
164556,76.6075417,-68.3490556
164557,76.6197917,-68.9446944
164555,76.5910417,-69.1147778
164560,76.5982917,-69.1679444
164552,76.4973333,-69.1081389
164558,76.6209583,-69.1549167
164561,76.7132083,-68.2961389
164569,76.8165417,-68.8345278
164562,76.673375,-69.9034167
164570,76.8527917,-68.4923611
164564,76.6981667,-68.7148889
164565,76.75725,-69.0254722
164566,76.803125,-69.1834167
164563,76.7263333,-69.1947778
164567,76.7517083,-69.3501944
164568,76.8015,-68.8163056
164571,76.8758333,-69.6107778
164572,76.959,-69.4604722
164573,76.9545417,-68.744
164576,77.042875,-69.5432778
164578,77.104125,-68.9718611
164575,76.9988333,-69.2033889
164579,77.198375,-69.3006667
164581,77.2431667,-68.8954167
164577,77.0655,-69.4845556
164574,76.8250833,-69.1650833
164580,77.2380417,-68.8926111
164582,77.2252083,-69.6059167
164587,77.3930417,-68.9071944
164584,77.27175,-69.5541944
164583,77.2160417,-69.6302778
164590,77.465875,-69.0344722
164591,77.5294583,-68.7056944
164588,77.4554167,-68.8840556
164586,77.3720417,-68.9174444
164585,77.288375,-69.2747778
164589,77.46375,-68.9033333
164592,77.5474167,-69.5894167
164593,77.5493333,-69.1071389
164594,77.5515,-69.1166944
164595,77.548,-69.1299444
164596,77.590125,-69.0356111
164599,77.71075,-69.27125
164597,77.6091667,-68.7963611
164598,77.6064583,-69.4820833
164600,77.7620417,-69.2193889
164607,77.9270417,-69.0519167
164604,77.8910833,-68.8111389
164606,77.9709167,-69.1904722
164605,77.96475,-69.3470556
164602,77.8360833,-69.1541111
164601,77.8108333,-69.2717222
164610,78.0757083,-69.2545833
164603,77.8536667,-68.9398056
164608,78.028875,-68.9458611
164609,78.077875,-68.9756944
164616,78.2850833,-69.1338333
164617,78.3422917,-69.457
164613,78.2322083,-69.3259722
164615,78.26475,-69.2867222
164618,78.38225,-69.3148611
164611,78.10325,-68.9441111
164614,78.2640417,-69.34525
164612,78.1162083,-69.3475833
164619,78.3879167,-68.7747778
164620,78.401375,-69.3782222
164623,78.4225,-69.5459722
164625,78.485625,-69.4970278
164621,78.39825,-69.3003333
164622,78.4182917,-69.3060278
164624,78.4574583,-69.4916667
164626,78.4738333,-69.5134444
164627,78.5357083,-69.3834167
164628,78.601625,-69.0789722
164629,78.6499167,-68.8097222
164632,78.6882917,-69.5378333
164634,78.762,-69.1379722
164635,78.829125,-69.4610278
164631,78.640875,-69.0358611
164630,78.6361667,-69.2074722
164637,78.841125,-69.3115556
164633,78.6781667,-69.6327222
164638,78.9215,-69.1216389
164636,78.8357083,-68.8806111
164639,78.9580833,-69.0533056
164641,78.9855,-69.46625
164643,79.07,-69.5241944
164642,79.0199583,-69.1016389
164648,79.198625,-69.2565
164640,78.9509583,-69.6381944
164647,79.19325,-69.5164167
164645,79.1112083,-69.3425
164646,79.1871667,-69.5637778
164644,79.1042917,-69.5149722
164649,79.2062917,-69.5461389
164653,79.260375,-69.4567222
164652,79.261,-69.2948333
164651,79.2304167,-69.1968611
164656,79.3106667,-69.299
164655,79.271125,-69.7565
164650,79.23575,-69.5408333
164654,79.237375,-69.7535833
164657,79.340625,-69.5647222
164658,79.358125,-69.58425
164660,79.449875,-69.0711389
164659,79.424125,-69.4660278
164661,79.463375,-69.4965278
164664,79.4839583,-69.4247222
164663,79.4797083,-69.2852222
164662,79.4619167,-69.2867778
164667,79.5515833,-69.61375
164668,79.58675,-69.5817222
164666,79.5200417,-69.80525
164665,79.4980417,-68.9503611
164669,79.5989167,-69.1837778
164674,79.7065833,-69.7678611
164672,79.63475,-69.5848056
164675,79.7279167,-69.776
164671,79.627,-69.5802778
164673,79.6978333,-69.6181111
164670,79.6174167,-69.62925
164676,79.7374167,-69.7869167
164678,79.771875,-69.155
164677,79.7596667,-69.6583611
164684,79.8893333,-69.077
164682,79.857125,-69.5495278
164685,79.9115,-68.9688611
164686,79.9392917,-69.0228889
164683,79.8339167,-69.0074444
164681,79.841,-69.2362222
164680,79.8072083,-69.6718889
164679,79.7995417,-69.7069444
164687,79.93775,-69.7059722
164688,79.957875,-69.4161111
164689,79.9801667,-69.4992222
164692,79.9941667,-69.4584167
164690,79.9634167,-69.6674167
164693,79.9845417,-69.4426111
164691,79.9722917,-69.3552222
164694,79.9923333,-69.4733056
164696,80.0721667,-70.0122222
164699,80.0865,-70.36225
164695,79.9855,-69.6148333
164697,80.0716667,-69.4373333
164698,80.1494583,-69.5709167
164700,80.1659583,-69.5517778
164704,80.2597917,-70.1702222
164701,80.1781667,-69.6758333
164705,80.253375,-69.4958056
164702,80.1889583,-69.167
164708,80.304125,-69.8475556
164706,80.2729167,-69.4080556
164703,80.191625,-69.4947778
164709,80.3144167,-69.3055278
164707,80.2805417,-69.5903889
164711,80.3397083,-69.5713333
164712,80.3477083,-70.5500556
164714,80.36975,-69.6354444
164713,80.371625,-69.5083611
164710,80.3309583,-69.5771944
164717,80.3675,-69.3362778
164715,80.39,-69.8116389
164716,80.4520833,-69.95975
164718,80.4860833,-69.9441667
164721,80.5602083,-69.6655278
164720,80.554375,-70.0578889
164719,80.5239167,-69.2837778
164725,80.5667917,-69.7369444
164728,80.6410833,-69.549
164724,80.519125,-70.2090278
164727,80.6286667,-69.7358611
164723,80.5480833,-69.8375833
164722,80.5608333,-69.4733889
164726,80.5915833,-69.4711667
164736,80.6140417,-70.395
164730,80.670125,-69.6010833
164732,80.6375833,-69.2711389
164734,80.7330417,-69.7256944
164733,80.68475,-69.52875
164738,80.7737083,-69.5842222
164737,80.790875,-69.8371944
164729,80.64775,-69.5287222
164735,80.732625,-69.8534444
164731,80.6746667,-70.1133333
164741,80.876625,-69.3957778
164739,80.7984167,-69.5576389
164740,80.82125,-69.6527778
164743,80.9145,-69.7262778
164744,80.9557917,-69.2394722
164742,80.8889167,-70.0465
164746,80.977625,-69.9026111
164745,80.9807917,-69.6526944
164747,80.9643333,-69.7968056
164748,81.2227917,-69.7466944
164755,81.4468333,-69.349
164750,81.3197083,-69.4844167
164749,81.26525,-69.4804167
164751,81.3699583,-69.5716389
164754,81.3834167,-70.09825
164756,81.4370833,-69.7142778
164752,81.3569167,-69.55125
164757,81.4505417,-69.6316667
164753,81.3725417,-69.8573611
164758,81.480375,-69.9201944
164762,81.6356667,-69.7535278
164761,81.5864583,-69.8227222
164763,81.6420417,-69.3421111
164759,81.4958333,-69.9298611
164760,81.337625,-69.7478889
164764,81.6450417,-70.1139722
164765,81.7237917,-69.9970278
164766,81.7965833,-70.1045556
164767,81.7708333,-69.48375
164768,81.8047917,-69.6072222
164775,81.8102083,-69.3833889
164769,81.7995417,-69.5770278
164776,82.03775,-69.4595278
164770,81.7980833,-69.8481111
164772,81.9166667,-69.64275
164773,81.9294167,-69.6893333
164771,81.8418333,-70.0843611
164774,81.967875,-69.4338056
164778,82.139,-69.4326944
164777,82.099875,-69.9423056
164781,82.221375,-69.8733333
164783,82.3541667,-69.80225
164784,82.3477917,-69.5315
164779,82.148,-69.8506389
164780,82.1497917,-69.9386667
164785,82.4061667,-69.7763333
164786,82.4345833,-69.6614722
164782,82.2312917,-69.6845556
164788,82.469875,-69.76425
164787,82.4387917,-69.5126389
164791,82.6379167,-69.47775
164792,82.6390833,-69.4621111
164790,82.5944583,-69.6905833
164789,82.5532917,-69.9408333
164793,82.6603333,-69.5046667
164796,82.4994583,-69.99725
164794,82.6953333,-69.7997778
164795,82.73,-70.1420833
164798,82.7918333,-69.8120556
164802,82.8620833,-70.1369722
164803,82.87475,-70.1656944
164800,82.848125,-70.2234167
164797,82.5409583,-69.7129722
164799,82.8191667,-70.2233889
164801,82.8530417,-69.4244722
164805,82.8964583,-69.8524722
164804,82.8796667,-70.0755
164806,82.9680417,-69.6150833
164807,82.936375,-70.1968056
164808,82.9983333,-70.3083611
164809,82.9795833,-69.8105278
164812,83.068625,-69.7375833
164811,83.0435,-70.0261111
164810,83.016,-69.8036667
164813,83.105375,-69.4270556
164814,83.1282917,-70.1439722
164815,83.1980833,-69.7341944
164816,83.249875,-69.9440556
164826,83.6427083,-70.2149722
164817,83.2155417,-70.0489444
164823,83.477625,-69.9508889
164820,83.447375,-69.9196111
164822,83.389125,-70.4030278
164824,83.4825833,-70.3180278
164821,83.45725,-70.3866389
164819,83.3474167,-70.1339722
164818,83.327875,-69.9173889
164825,83.63425,-69.7600278
164834,83.8315,-69.9552778
164828,83.6225833,-70.5326111
164830,83.7409583,-69.8348333
164833,83.8315417,-69.7189722
164835,83.8212083,-69.7048056
164832,83.807,-70.2316944
164829,83.7325833,-69.7194444
164836,83.8402083,-69.9856389
164827,83.6422083,-69.9958333
164831,83.7526667,-70.3119444
164838,83.8675417,-70.0597778
164842,83.978,-70.1846667
164837,83.8478333,-70.0100278
164840,83.95275,-70.5333056
164845,84.2538333,-70.1589722
164841,83.9160833,-69.7998611
164843,84.0555,-70.3742222
164844,84.20125,-69.7159167
164839,83.8920417,-70.6008333
164846,84.3784167,-69.8179167
164854,84.89025,-69.892
164853,84.82075,-70.1509167
164856,84.9125417,-70.2240833
164851,84.6477083,-70.561
164849,84.5775833,-70.6856667
164847,84.42675,-70.2158333
164855,84.9570833,-70.1663333
164852,84.66125,-69.8889167
164850,84.5657917,-70.4090556
164848,84.457,-69.9483333
164859,84.997375,-70.2820556
164857,84.9648333,-70.4394167
164858,84.9717083,-70.5395556
164864,85.2001667,-70.0243889
164860,85.03425,-70.0664444
164865,85.2349583,-70.1862778
164863,85.1397083,-70.0787778
164862,85.0378333,-70.6217222
164866,85.2580833,-70.0846389
164861,85.0160417,-70.6436944
164875,85.7475833,-70.7367778
164867,85.2916667,-70.7463056
164869,85.39625,-70.5703889
164874,85.6855,-70.4221667
164876,86.16175,-70.2372222
164871,85.4528333,-70.5919444
164873,85.6232917,-71.0476111
164870,85.5084167,-70.0239444
164872,85.50125,-70.8646111
164868,85.2842083,-69.9888889
164878,86.2910417,-70.6124167
164879,86.4489167,-70.3710556
164877,86.11975,-70.3315833
164880,86.4694583,-70.4006667
164882,86.7114583,-70.7637778
164881,86.7552917,-70.9398056
164883,86.9129167,-70.9778611
226483,116.488995,-42.195529
237040,188.948145,9.074313
224401,108.20406,14.600996
254401,281.865495,-5.70776
231626,144.21453,-53.032809
233427,157.07013,-59.350207
254437,281.99007,-37.739593
223077,102.71781,-1.429266
230181,134.56665,10.845152
246807,257.7822,-61.954788
251647,273.827235,12.352376
239712,214.13856,-59.909039
233461,157.29687,-57.613403
234300,163.82805,-60.939991
215956,20.218185,21.728672
243299,238.91817,7.988785
250435,270.291885,19.252078
236515,183.248565,-62.096808
227187,119.521395,-24.041748
220757,91.43976,-24.1955
216373,31.966545,-26.866025
215181,0.70044,-24.945325
230781,138.453375,-9.319083
254533,282.369165,-16.723042
223184,103.192395,-2.45826
219182,79.822245,-33.708056
216994,47.12871,10.445911
217295,53.55411,-16.159944
216909,45.21717,-50.642226
254620,282.615525,15.940179
239063,208.811505,-43.240218
250627,270.767535,-52.722188
227203,119.592075,-29.130095
234362,164.461155,-60.742111
232704,151.6758,-30.077648
220834,91.856085,11.151976
264481,343.32099,-18.591939
224635,109.15683,-11.487326
218551,74.074905,-21.217208
261860,312.48501,-5.146594
264836,349.82163,-24.216327
236585,184.06998,-56.286018
250757,271.18845,23.886776
220039,86.26317,13.576378
248818,265.20198,-31.542206
242403,233.82006,-24.336781
215215,1.559175,-32.816367
256707,289.171455,-19.313582
254860,283.32309,21.225782
217700,61.07835,-15.725089
225602,112.95453,-20.149615
263329,325.31997,24.773483
236624,184.570545,-63.280097
245700,252.974655,14.941878
252952,277.56765,21.86688
244577,246.44772,18.891809
215737,15.167925,-15.957691
218629,74.787735,-65.667701
261972,313.249155,23.371096
261874,312.55293,3.65234
218642,74.901465,-14.806296
244627,246.68211,-12.426626
234510,165.566925,-64.262931
239164,209.69307,12.951783
231900,146.159355,-45.876965
233675,159.07425,-61.012553
250982,271.841655,-58.961669
241594,228.206325,-54.755309
237735,196.5942,22.616178
218126,68.3868,-63.029166
245810,253.55541,-56.265033
247327,259.88385,1.515006
262768,319.88505,-15.116984
219363,81.52539,-86.388321
263206,324.035205,3.230553
224987,110.5107,-14.317919
232924,153.345555,-13.137063
226402,116.195565,-13.099176
232003,146.88954,11.428794
264930,351.35496,15.688695
229648,131.22279,-46.342998
233762,159.832935,-61.153068
237324,191.82621,4.143899
243673,241.291605,-53.919448
261143,308.1315,0.585285
244817,247.669995,18.366821
223662,105.25389,-8.708394
244842,247.824795,11.997945
238618,204.68748,-70.186638
258631,296.646585,22.889797
219434,82.084755,-67.405075
227867,122.415885,-38.174595
238876,207.2583,-28.367624
258972,297.880845,27.456449
233003,153.88695,-58.174473
240069,216.91281,-0.901598
232991,153.8118,-54.478263
264276,339.4494,1.534368
231388,142.56612,-53.058977
236752,186.050055,-35.633826
218770,76.211835,-21.90454
217801,62.87931,-25.133929
261780,311.868135,12.464079
233028,154.020585,-29.728423
242717,235.58718,-55.311885
244899,248.231445,6.858291
262881,320.874465,9.931354
233996,161.524425,-57.547546
262899,321.00102,18.278847
226603,117.016035,-25.577748
216832,43.469775,-49.889598
215304,3.842805,-32.045246
237664,195.79455,-60.877486
242244,232.758015,1.683816
242771,235.90317,-1.710433
251506,273.39753,-34.317169
260500,304.82979,-76.12654
262222,315.146655,-42.65562
216558,37.13517,-8.358358
218251,70.125405,-38.235209
234562,166.05612,-60.979934
255525,285.332205,0.146999
253938,280.484895,-4.110656
255190,284.351085,-0.730215
264315,340.13955,-61.553725
229316,129.420435,-47.357338
233953,161.234805,-56.289603
238036,199.46397,20.780775
232222,148.368315,2.057328
243873,242.56047,25.070642
220384,88.95483,20.175188
222644,100.78131,20.93915
256745,289.311645,1.059434
235619,174.64191,10.561715
241940,230.589315,26.877108
217948,65.489175,28.443207
259543,300.29091,15.803534
241946,230.60577,-40.926715
216439,33.81399,-10.804995
241944,230.6055,25.62413
255795,286.164315,1.306121
218930,77.536875,-64.317893
245405,251.329665,-51.342601
232288,148.85901,-58.429668
216354,31.391925,-57.140076
228217,124.140915,11.726209
253959,280.532985,-4.293486
236896,187.62711,-26.047538
253976,280.61175,-5.340863
224117,107.038815,-0.065696
217893,64.629585,28.454506
255918,286.5876,8.234993
234479,165.310005,-60.116554
216614,38.431965,-13.148437
254023,280.738635,-5.820916
240691,221.64084,-32.170039
228250,124.319325,-13.812952
231438,142.92075,-49.655009
215891,18.608445,24.415684
224153,107.177565,10.024017
238806,206.63238,-84.401755
226935,118.431045,19.273345
239557,212.78766,-13.310704
260413,304.431885,-39.112778
237519,194.14818,-57.899138
250034,269.054295,-57.164509
217550,58.33461,-79.810872
244085,243.72813,-53.338435
259149,298.507935,-30.252896
219740,84.30528,-6.583483
246153,255.194535,-66.663878
259253,298.98516,-29.189965
236954,188.19009,27.029278
229677,131.377095,-28.20036
225671,113.196015,-20.909524
264699,347.273115,-30.133924
229594,130.91115,-47.403083
252208,275.31204,-16.375501
238886,207.321315,-1.929117
236451,182.35197,-45.431481
240731,221.896935,16.845446
263962,333.856815,6.822625
234084,162.249405,-54.181778
228889,127.42146,-6.318699
216645,39.273975,-42.963389
217586,58.811985,-24.032993
235779,176.1369,-67.305221
218412,72.42735,-15.739241
254283,281.47542,12.336176
229650,131.232885,-50.560039
218418,72.52758,-50.657005
217247,52.593135,-36.053722
262251,315.37026,-15.229419
220617,90.652395,22.234141
215929,19.562325,-39.212466
215399,6.35058,-46.924183
231573,143.87616,-14.691275
216173,26.24856,-30.059271
263135,323.30664,22.739363
227169,119.43906,-40.118886
215153,0.027375,25.886453
222867,101.78919,3.967042
243241,238.67841,-54.566398
238091,200.04819,9.18788
225438,112.338855,-4.278818
238434,203.24943,-7.188564
217035,47.967105,-11.353898
238942,207.92472,6.429012
217886,64.480695,-18.50711
218945,77.73852,-48.507049
237490,193.79397,-5.458974
224428,108.298215,-18.730477
226177,115.333455,8.38028
235470,173.477055,-0.033343
232798,152.341245,-61.549011
236622,184.56672,16.154418
264120,336.4206,-37.56922
221587,95.681565,-2.195389
218625,74.75253,8.130767
234892,168.58836,-60.052948
259339,299.369175,26.556486
216312,30.0693,-16.34615
238475,203.49594,-64.055533
264448,342.603465,17.893505
263209,324.038985,-77.303741
222191,98.73117,-45.308333
238865,207.08733,-36.86253
233670,159.03582,-56.043239
258005,294.157215,20.332944
240872,223.02261,-79.679611
227330,120.095445,-23.703219
216093,23.84856,-35.12851
239566,212.893335,-28.885341
246432,256.237425,-12.201525
253642,279.5874,8.833421
225245,111.529935,-25.257331
235901,177.229905,-10.443092
227348,120.18306,-2.877384
217836,63.55383,28.203457
234552,165.93834,-60.642277
241629,228.50382,9.981063
256993,290.25975,8.516323
258106,294.5067,11.721742
215192,1.021365,-16.997633
226010,114.647325,-28.499072
243108,237.82077,-15.750913
246203,255.37191,22.477497
226713,117.513045,-28.255201
236981,188.37816,-54.659373
254236,281.3229,-20.647358
259616,300.63618,0.713912
237154,190.01331,27.498918
220793,91.645605,26.329203
219054,78.782385,-41.628261
216069,23.034075,1.341698
238205,201.200055,-6.979307
259343,299.38758,11.043659
227669,121.58943,-30.096869
215707,14.5404,-63.395659
240029,216.58857,-44.153121
263530,328.01166,22.574825
264663,346.66323,10.543324
224687,109.32987,1.72778
215932,19.62765,-67.918045
251802,274.24881,-19.075823
262363,316.093725,23.821698
256676,289.06017,-16.971347
238235,201.50829,-3.378729
230520,136.66827,-35.430202
234812,167.95986,-54.142043
219432,82.078545,-18.94469
252469,276.14388,-45.393418
243412,239.67378,-77.870311
228730,126.57576,20.880411
251878,274.452225,-12.029986
226992,118.61805,14.130401
222263,99.19116,-22.755737
245975,254.40003,-32.835839
257250,291.24582,-8.848867
245584,252.371265,4.879972
261712,311.41725,-51.040684
261459,309.82236,-60.234747
252570,276.436725,-33.977617
234729,167.345355,-76.38906
226123,115.065375,-73.056831
226872,118.19109,1.59614
229680,131.387925,-52.736766
241682,228.792855,-44.298667
257793,293.410395,-19.810307
217058,48.38073,-49.369656
257580,292.631565,-28.456831
236480,182.803935,-31.536616
233750,159.74886,12.381491
243552,240.50484,-37.312654
238040,199.496145,-46.726584
231266,141.711105,16.600747
221118,93.30798,-45.330169
236532,183.38604,-43.696494
236706,185.58915,16.292191
225396,112.14768,-4.702678
221448,94.96212,-21.651994
217215,51.9156,-58.163882
250761,271.19964,-22.731805
224764,109.63305,-22.772163
235266,171.875115,-53.889364
236118,179.01945,-59.929673
219886,85.24791,-69.311525
241464,227.354775,-36.975296
234728,167.331645,-71.803161
221547,95.491725,7.348808
249586,267.69003,-38.634837
225633,113.05182,-21.787219
230796,138.53349,-34.859058
223592,104.933295,-12.33966
250670,270.92469,-22.182201
223510,104.52084,-23.843188
228212,124.134165,-11.84027
235697,175.318785,-33.704746
236773,186.16503,-64.61817
239653,213.58167,-65.894377
226375,116.07762,-13.649419
217975,65.99325,-42.475551
258669,296.771415,-62.362308
216610,38.321685,-73.611807
218686,75.397875,-33.913672
234039,161.889735,-53.354079
235922,177.39303,-34.094458
256504,288.461295,2.855558
240164,217.588395,-47.010426
234740,167.4606,-9.523778
260844,306.470055,-0.470318
233512,157.76679,-58.285431
231687,144.585345,-45.181715
221814,96.89481,9.830092
250837,271.405005,-43.832851
237990,198.974265,-66.745116
245486,251.74566,3.376303
260088,302.83326,-21.505487
234972,169.405695,-70.062548
225893,114.085185,-28.666986
244713,247.1049,-60.606772
246079,254.991375,12.65152
219919,85.51374,-27.50124
239850,215.18469,11.351932
216807,42.89304,-47.800665
230206,134.69967,-62.402828
239814,214.909155,-34.016582
239767,214.58349,-57.486197
246293,255.84621,-85.607674
215382,5.916675,-20.829366
263039,322.332435,-2.235313
244161,244.17705,-52.603813
233134,154.85739,-66.455534
228432,125.161545,-54.30725
226338,115.95498,-24.687814
232227,148.407075,7.978506
239226,210.116925,-85.321725
234767,167.597715,-59.761203
219312,81.026715,-69.415143
228218,124.139415,-24.373553
247339,259.926,-42.767849
219803,84.726825,-33.627943
238240,201.54654,0.186516
227711,121.733235,-31.47626
237428,192.952545,12.777662
261397,309.49968,-45.043445
263099,322.87731,-53.024241
262053,313.94427,-74.972686
229711,131.556585,-24.886621
254516,282.327405,-46.222855
231453,143.04261,-26.47097
215311,3.98196,6.745753
230492,136.506615,-55.624003
215618,12.371145,-27.383543
245212,250.203015,-26.920784
219471,82.40295,20.050816
231776,145.296075,-29.227354
236007,178.078725,-65.408067
255710,285.91386,27.342779
264237,338.66103,-75.235094
248127,262.87131,-43.322824
243583,240.704985,0.610496
230057,133.678245,-2.999856
237414,192.80352,-39.309914
255294,284.622585,-19.176448
221996,97.789875,13.112729
253415,278.87847,6.972193
237469,193.434705,-65.899331
234996,169.65987,-39.276794
242677,235.39332,-28.478721
263943,333.510945,-57.218368
218632,74.814975,-3.61839
229411,129.891735,-48.523861
242514,234.442935,-65.240797
237081,189.3795,-1.436997
226539,116.702595,-42.955327
224633,109.156215,-6.999996
254649,282.71334,-13.904834
235730,175.66992,-66.470851
241734,229.16211,-66.868664
220185,87.409395,-26.104018
232688,151.58229,-35.147022
233894,160.877355,-63.483068
241080,224.64237,-70.09045
249320,266.87208,-59.09675
244940,248.44311,-48.849123
257267,291.336705,-18.731439
244933,248.412585,-56.208384
238054,199.672155,-64.917128
252463,276.12867,-27.002547
260791,306.213945,-29.546533
230942,139.538235,-6.50694
220490,89.75892,-54.354287
256923,290.016465,2.33102
226898,118.295085,-3.831509
216340,30.969705,18.353218
234442,165.0429,11.496691
256407,288.13125,24.360406
215611,12.24756,-56.096131
239473,212.180355,-76.485076
260687,305.718855,16.492048
262032,313.75911,17.259558
235920,177.3774,-76.158751
256256,287.63271,-65.084584
237354,192.162105,-46.903327
233132,154.837185,-50.075343
259143,298.49514,-0.712863
238675,205.25808,-52.514741
227861,122.390535,-57.985942
264711,347.59767,12.53555
264823,349.603875,-85.39356
235913,177.319215,-66.005224
221516,95.35962,6.470141
264245,338.937795,-0.690379
263344,325.525965,-25.47481
216981,46.76064,-79.58719
228787,126.867315,-47.728778
230587,137.133585,-4.720234
237022,188.771085,23.337219
231526,143.553075,18.901777
230456,136.226625,-77.464963
235417,173.03493,-79.595662
233536,158.02293,-61.788946
256224,287.55276,-44.520308
242198,232.46001,15.820303
255658,285.742755,0.433519
260456,304.640295,-36.583086
217524,57.972315,-10.530401
260722,305.89101,-79.73873
248871,265.35381,-16.608206
239018,208.39977,-50.550508
233565,158.247345,-60.63056
248992,265.75545,-18.11862
250456,270.34785,-52.352806
227323,120.0663,-32.71173
257747,293.21892,-18.401215
251450,273.204015,-40.693807
225863,113.95062,11.020176
240209,217.90929,-44.675094
241960,230.645655,-67.21424
217599,59.243175,-14.85689
227327,120.084165,-48.917579
255012,283.78809,18.149873
238444,203.3484,-60.881136
262563,317.88159,-45.079368
261919,312.86451,-2.877556
218703,75.52443,-67.283036
228844,127.18725,-52.122508
251639,273.79311,-35.760185
250580,270.66027,-24.050204
232984,153.76122,-48.793906
223536,104.657325,-11.485724
216177,26.38191,-41.929137
246087,255.02481,-18.077626
220432,89.27922,-7.471224
248503,264.207765,-66.323558
239310,210.8652,-55.213078
263682,330.19362,-45.946304
251711,273.972225,-39.536109
225491,112.570245,-11.071068
252728,276.887955,-12.125796
237001,188.588985,16.128727
245095,249.493845,-50.932998
225836,113.83056,9.769902
245252,250.473885,-21.415146
257141,290.79579,-46.205344
232512,150.32838,-59.311823
228619,126.02784,-31.986348
231258,141.652125,-41.50804
263431,326.843745,-19.04848
225365,112.0005,-32.437311
240313,218.741295,-44.931895
263915,333.225975,21.11715
229891,132.63978,-37.528923
230500,136.569855,-0.997449
226575,116.906295,-11.952871
220894,92.20473,14.124022
226327,115.906695,-50.459897
234824,168.058575,-21.332812
237285,191.447025,-42.775913
239006,208.336845,-6.74678
217581,58.79139,-53.50898
237779,197.01645,-50.842659
237525,194.197755,-61.000746
233220,155.55954,-66.346839
218098,67.9182,-63.978834
234332,164.23323,-51.823203
242431,233.95944,-40.642708
237184,190.311435,-40.948849
223614,105.002715,-37.542037
231228,141.456645,-31.503126
241246,225.800325,-69.850219
219371,81.557775,-6.709631
243146,238.09131,-39.159161
238549,204.16227,-64.563377
257035,290.42586,-43.54442
258216,294.894255,-42.380797
218591,74.430735,-65.709847
221321,94.415685,16.884489
219339,81.288375,-67.643718
243770,241.891215,-42.752242
242586,234.79638,-62.988452
255832,286.29177,-43.728008
256577,288.701445,-16.541468
260354,304.135275,24.730355
259266,299.04837,-50.72549
240567,220.53021,-55.296436
263235,324.280395,-61.302647
259960,302.29224,-41.826899
261906,312.78936,8.997323
246805,257.770185,-56.373338
222870,101.80299,15.72599
249004,265.77618,-83.419494
230454,136.219875,20.414924
229225,128.98638,-26.186639
260570,305.173215,-41.122766
261599,310.72455,-22.76483
227295,119.95119,0.350831
232806,152.405775,-0.941147
258230,294.927225,-55.477261
251050,272.004885,-38.598975
244440,245.799855,-76.249358
226376,116.081655,-17.211181
262681,318.969585,-59.535113
251832,274.329555,-57.72012
252386,275.896845,-42.930778
252651,276.68397,-35.49711
226605,117.021915,-61.331286
245300,250.73301,-3.649612
254926,283.522395,-30.042074
264388,341.32584,-52.21889
250650,270.8682,-37.331426
243675,241.3203,-21.411904
219917,85.494,-47.873878
250384,270.159465,-34.860808
241909,230.415465,14.314516
261609,310.76637,-19.875365
250788,271.283085,20.083712
249359,266.981985,-26.438058
260477,304.721295,10.675986
245349,251.05533,-45.861721
217279,53.168025,-75.888831
225077,110.91348,-19.638334
217304,53.86296,-80.261304
252021,274.802505,-43.547671
227046,118.811445,-68.136025
247897,261.97236,-64.489758
231578,143.909175,-48.513556
247122,259.05981,-61.393714
243571,240.641625,-18.175096
259387,299.60313,-54.514419
228269,124.43622,-50.425953
216368,31.867305,-57.869437
246072,254.917455,15.166342
225143,111.16296,17.64451
241347,226.55295,2.915193
257830,293.555175,-37.661516
258285,295.148505,-42.221339
224075,106.843875,-1.319004
253720,279.81051,-18.969566
244469,245.89833,-46.529429
239979,216.19263,-67.108883
239947,215.96856,-71.565718
257611,292.74084,-31.98146
229338,129.51693,-45.092789
225490,112.567515,6.34489
236725,185.830125,-75.503676
245568,252.25503,-66.923634
221691,96.255,-23.473721
253890,280.33476,-62.599012
236056,178.424235,-65.36852
245554,252.141555,-19.754161
231204,141.34116,-53.547021
239613,213.25929,-57.370892
229592,130.89222,-56.599361
242694,235.467465,-48.526749
246724,257.426085,-60.524147
250386,270.174045,3.149303
223814,105.81519,3.248656
228243,124.278135,-31.442261
241724,229.07544,-40.29274
227324,120.07092,17.382848
258604,296.491965,-0.063494
222083,98.2875,-65.574975
215430,7.238895,-8.210483
221644,96.01758,11.709617
221564,95.555175,14.682276
249132,266.22663,-2.682565
247767,261.474015,-51.106954
239135,209.432565,-60.127216
215528,10.029,18.029902
229243,129.080595,-25.870309
227362,120.230115,-22.516353
250869,271.503045,-59.884961
235108,170.57394,-33.882171
258404,295.660785,11.804502
223656,105.213105,-23.596618
234545,165.874815,-10.986764
231929,146.363415,-70.299508
253771,279.96639,-32.015166
249664,267.934635,7.41127
256872,289.798635,15.661548
249855,268.483485,-36.534012
236429,182.086125,-43.069383
245203,250.17345,-7.403938
226650,117.22086,-24.136251
224235,107.575425,-70.777541
219313,81.046605,-70.018196
254719,282.894885,-44.139964
229727,131.631615,-17.362331
225314,111.767565,-27.650523
231167,141.082155,-79.725655
256558,288.67008,-61.261942
230395,135.838755,-66.395576
224863,110.01693,-19.512586
226663,117.272595,-0.721915
219012,78.40767,-5.174511
229574,130.717335,-50.452002
245755,253.248825,-5.072246
239309,210.85914,-62.597235
237044,188.980545,-72.884077
235618,174.602835,-33.474759
261921,312.873195,-14.663499
222319,99.414555,-40.821261
235581,174.344835,13.203981
230591,137.165925,-35.477222
261056,307.68522,12.090919
263752,331.01676,-8.291767
215685,13.99125,-26.380864
237736,196.596915,-45.451237
216937,45.8145,27.278198
249939,268.75071,-43.776619
234145,162.71367,-44.455917
235437,173.237175,-27.623218
216110,24.12168,1.838939
241018,224.19888,-82.527387
216517,36.123885,8.208513
223717,105.395055,-64.58387
222948,102.14133,7.136931
225745,113.52417,-46.175895
216954,46.26174,-56.709561
239519,212.5353,-38.462704
247570,260.79834,-39.1971
229351,129.578505,-18.243964
234428,164.91831,-26.628996
229258,129.165345,-19.533799
239504,212.440245,-30.385387
264885,350.644695,-9.428891
230655,137.587305,5.348031
242628,235.065195,-41.70019
244481,245.977365,-7.906965
246811,257.787645,-60.494005
241508,227.62815,-72.814474
235943,177.601005,-62.855774
242834,236.1939,-60.873454
217737,61.714425,25.690663
217855,63.845505,20.738043
217866,64.11867,28.13021
217904,64.918785,27.833698
217969,65.92221,15.631918
218086,67.70493,21.236272
218104,68.03784,17.957089
218107,68.061285,18.336882
218150,68.730255,24.481111
218213,69.662805,15.770475
218472,73.20939,16.374003
219538,82.866885,12.152848
220883,92.141205,22.621923
220945,92.48829,9.869847
224819,109.867755,-44.586517
234879,168.50565,-57.720812
235208,171.44937,-59.631703
239312,210.876945,-69.62713
240306,218.70909,-39.558793
241463,227.352195,-72.06253
241786,229.61217,-37.633923
242999,237.14337,28.15674
243294,238.88994,-37.160733
243951,243.007215,-38.678649
244888,248.17377,-53.258971
246832,257.91555,-23.465552
247495,260.496915,6.911727
247575,260.81703,-22.866992
247826,261.70464,-2.393373
250498,270.47373,-42.620006
251121,272.210325,-37.328658
251571,273.580455,-36.022662
251638,273.785685,-29.708614
251987,274.713435,-46.548176
254404,281.886945,-38.163901
255570,285.472035,-36.951554
255585,285.49203,-36.961374
256072,287.049015,17.628123
258208,294.87372,8.607801
260217,303.515625,16.72636
260257,303.730065,-12.942972
261338,309.13332,26.604034
263740,330.832005,-16.626756
217063,48.418575,-10.442641
238020,199.305615,-5.081762
252391,275.90157,-35.764146
260236,303.618405,-13.835557
217121,49.948995,19.076268
219698,84.078165,-0.303689
219834,84.94248,-2.675579
223841,105.947955,-1.099648
224768,109.65228,-29.293543
231467,143.14059,-33.999756
234604,166.39188,-25.019269
243103,237.810375,-31.507424
244518,246.15132,-65.721748
230925,139.37415,-52.834318
250573,270.63726,-40.087878
259992,302.414955,21.078802
251066,272.03325,-34.570877
219889,85.26414,-2.720493
219327,81.183105,1.730224
244506,246.06891,-59.337938
236702,185.553615,-63.346595
241486,227.477505,-65.506247
245342,251.03709,-47.317908
245457,251.62599,-47.019553
245597,252.410895,-44.528113
245766,253.30833,-43.749451
245898,253.97349,-48.147723
246875,258.0765,-33.100902
251820,274.32009,-15.448226
252607,276.54324,-17.071909
252617,276.576915,-15.265146
252722,276.85779,-14.702211
221496,95.233155,-7.910058
218666,75.205335,15.450174
219647,83.767515,-5.137512
216810,42.951885,-2.061808
241704,228.93906,-33.533271
223815,105.8259,-5.738043
224905,110.201895,-5.259931
228952,127.705425,2.274019
229305,129.37551,23.561621
230337,135.48108,26.689663
231641,144.304005,-42.020641
236525,183.34008,-9.083313
239151,209.60361,-1.660831
240338,218.951745,-18.036575
250209,269.66049,22.146316
257433,292.023195,-40.834739
258015,294.17742,27.884178
258225,294.911745,-6.063739
261007,307.39848,-21.125989
263013,322.09272,-52.826401
263307,324.95844,-16.007213
255065,283.97208,23.556196
250762,271.20582,-32.720579
